217
187
203
202
172
190
221
167
180
185
179
174
218
172
172
234
221
210
186
214
203
189
178
210
206
215
210
161
189
190
198
168
232
211
192
191
168
188
197
187
180
164
198
192
201
197
196
185
214
237
200
181
206
144
196
170
189
167
193
178
155
203
208
231
215
164
192
182
197
198
191
184
189
228
195
207
154
175
245
218
177
193
185
244
170
176
181
204
211
200
243
160
197
185
169
198
164
204
163
208
177
170
187
216
214
212
179
193
203
181
190
177
214
196
196
184
208
198
184
206
184
168
180
202
214
221
178
201
199
169
213
178
170
192
203
175
205
210
194
218
187
203
193
218
209
223
200
199
182
168
206
179
197
197
192
194
214
191
176
170
200
142
191
186
157
243
201
219
212
199
175
211
205
206
183
181
209
217
157
195
191
164
190
187
215
208
219
250
170
194
232
165
196
202
194
203
193
158
180
167
26
21
5
19
9
17
7
10
22
6
14
16
9
18
4
13
12
5
12
4
11
6
17
15
8
9
20
9
12
13
8
8
16
7
18
16
24
14
7
12
9
11
4
7
15
10
5
13
6
5
7
10
6
12
12
8
8
15
14
14
6
9
7
14
6
8
11
13
9
7
6
10
10
14
14
9
3
11
7
20
10
10
19
6
7
14
6
9
14
7
4
13
13
6
15
5
4
10
11
7
15
22
12
5
4
3
11
13
21
17
8
4
21
6
10
4
8
6
8
9
10
20
10
5
17
20
11
24
13
18
7
11
23
17
8
8
11
6
14
8
15
6
13
12
9
12
10
9
14
6
7
11
4
8
9
7
19
15
6
13
15
23
9
11
9
15
23
1
12
16
7
4
18
6
14
6
14
4
6
9
3
8
7
12
7
15
8
9
12
14
18
10
9
14
11
4
11
7
14
9
189
189
191
202
193
193
191
182
187
189
155
137
189
164
174
182
173
185
168
194
189
200
164
189
181
183
172
185
195
185
181
156
186
197
209
162
200
204
258
211
177
200
178
195
164
199
219
176
191
161
201
177
201
205
192
168
187
156
215
192
219
198
213
189
185
217
183
171
202
192
189
197
202
220
195
161
219
191
200
179
190
153
218
183
189
183
175
206
207
218
211
179
182
213
166
195
217
177
174
226
180
206
216
211
180
186
210
231
192
168
205
171
208
212
242
220
198
202
217
214
200
218
172
190
203
200
175
177
177
217
219
200
191
184
207
215
207
182
167
204
210
202
204
216
224
193
190
181
179
182
183
177
188
187
210
166
207
191
187
159
217
194
196
168
168
257
226
198
213
221
217
210
186
191
204
178
204
196
210
166
197
161
207
225
215
229
155
162
224
171
161
189
159
211
200
200
154
158
166
216
7
9
14
12
7
9
11
5
5
13
17
8
15
11
14
8
26
8
8
8
5
9
7
2
5
13
25
14
14
24
13
20
17
19
10
8
11
12
20
12
1
10
7
4
7
14
12
12
21
5
13
13
3
5
11
9
4
23
5
12
17
9
10
13
15
11
14
11
17
12
7
14
9
12
10
10
9
17
9
7
11
7
15
16
12
14
10
13
9
7
8
12
12
10
6
12
14
14
14
12
16
11
7
5
11
13
7
18
14
5
7
8
22
11
13
13
10
11
14
14
4
4
20
5
5
12
13
5
9
14
18
17
26
14
3
14
6
6
7
12
14
8
7
11
9
11
2
11
14
8
7
6
3
6
8
10
12
13
9
15
12
15
7
13
7
12
9
10
22
17
8
9
12
2
7
3
7
15
12
5
20
13
11
15
5
13
15
18
16
7
10
9
18
8
10
3
10
6
17
12
